    0.8147    0.6312    2.0000
    0.9058    0.3551    2.0000
    0.1270    0.9970    1.0000
    0.9134    0.2242    2.0000
    0.6324    0.6525    2.0000
    0.0975    0.6050    2.0000
    0.2785    0.3872    1.0000
    0.5469    0.1422    1.0000
    0.9575    0.0251    1.0000
    0.9649    0.4211    2.0000
    0.1576    0.1841    1.0000
    0.9706    0.7258    2.0000
    0.9572    0.3704    2.0000
    0.4854    0.8416    1.0000
    0.8003    0.7342    2.0000
    0.1419    0.5710    2.0000
    0.4218    0.1769    1.0000
    0.9157    0.9574    2.0000
    0.7922    0.2653    2.0000
    0.9595    0.9246    2.0000
    0.6557    0.2238    1.0000
    0.0357    0.3736    1.0000
    0.8491    0.0875    1.0000
    0.9340    0.6401    2.0000
    0.6787    0.1806    1.0000
    0.7577    0.0451    1.0000
    0.7431    0.7232    2.0000
    0.3922    0.3474    1.0000
    0.6555    0.6606    2.0000
    0.1712    0.3839    1.0000
    0.7060    0.6273    2.0000
    0.0318    0.0216    1.0000
    0.2769    0.9106    1.0000
    0.0462    0.8006    2.0000
    0.0971    0.7458    2.0000
    0.8235    0.8131    2.0000
    0.6948    0.3833    2.0000
    0.3171    0.6173    2.0000
    0.9502    0.5755    2.0000
    0.0344    0.5301    2.0000
    0.4387    0.2751    1.0000
    0.3816    0.2486    1.0000
    0.7655    0.4516    2.0000
    0.7952    0.2277    2.0000
    0.1869    0.8044    2.0000
    0.4898    0.9861    1.0000
    0.4456    0.0300    1.0000
    0.6463    0.5357    2.0000
    0.7094    0.0871    1.0000
    0.7547    0.8021    2.0000
    0.2760    0.9891    1.0000
    0.6797    0.0669    1.0000
    0.6551    0.9394    2.0000
    0.1626    0.0182    1.0000
    0.1190    0.6838    2.0000
    0.4984    0.7837    1.0000
    0.9597    0.5341    2.0000
    0.3404    0.8854    1.0000
    0.5853    0.8990    2.0000
    0.2238    0.6259    2.0000
    0.7513    0.1379    1.0000
    0.2551    0.2178    1.0000
    0.5060    0.1821    1.0000
    0.6991    0.0418    1.0000
    0.8909    0.1069    1.0000
    0.9593    0.6164    2.0000
    0.5472    0.9397    2.0000
    0.1386    0.3545    1.0000
    0.1493    0.4106    1.0000
    0.2575    0.9843    1.0000
    0.8407    0.9456    2.0000
    0.2543    0.6766    2.0000
    0.8143    0.9883    2.0000
    0.2435    0.7668    1.0000
    0.9293    0.3367    2.0000
    0.3500    0.6624    1.0000
    0.1966    0.2442    1.0000
    0.2511    0.2955    1.0000
    0.6160    0.6802    2.0000
    0.4733    0.5278    1.0000
    0.3517    0.4116    1.0000
    0.8308    0.6026    2.0000
    0.5853    0.7505    2.0000
    0.5497    0.5835    2.0000
    0.9172    0.5518    2.0000
    0.2858    0.5836    2.0000
    0.7572    0.5118    2.0000
    0.7537    0.0826    1.0000
    0.3804    0.7196    1.0000
    0.5678    0.9962    2.0000
    0.0759    0.3545    1.0000
    0.0540    0.9713    1.0000
    0.5308    0.3464    1.0000
    0.7792    0.8865    2.0000
    0.9340    0.4547    2.0000
    0.1299    0.4134    1.0000
    0.5688    0.2177    1.0000
    0.4694    0.1257    1.0000
    0.0119    0.3089    1.0000
    0.3371    0.7261    1.0000
    0.1622    0.7829    2.0000
    0.7943    0.6938    2.0000
    0.3112    0.0098    1.0000
    0.5285    0.8432    2.0000
    0.1656    0.9223    1.0000
    0.6020    0.7710    2.0000
    0.2630    0.0427    1.0000
    0.6541    0.3782    2.0000
    0.6892    0.7043    2.0000
    0.7482    0.7295    2.0000
    0.4505    0.2243    1.0000
    0.0838    0.2691    1.0000
    0.2290    0.6730    2.0000
    0.9133    0.4775    2.0000
    0.1524    0.6237    2.0000
    0.8258    0.2364    2.0000
    0.5383    0.1771    1.0000
    0.9961    0.8296    2.0000
    0.0782    0.7669    2.0000
    0.4427    0.9345    1.0000
    0.1067    0.1079    1.0000
    0.9619    0.1822    2.0000
    0.0046    0.0991    1.0000
    0.7749    0.4898    2.0000
    0.8173    0.1932    2.0000
    0.8687    0.8959    2.0000
    0.0844    0.0991    1.0000
    0.3998    0.0442    1.0000
    0.2599    0.5573    2.0000
    0.8001    0.7725    2.0000
    0.4314    0.3119    1.0000
    0.9106    0.1790    2.0000
    0.1818    0.3390    1.0000
    0.2638    0.2101    1.0000
    0.1455    0.5102    2.0000
    0.1361    0.9064    1.0000
    0.8693    0.6289    2.0000
    0.5797    0.1015    1.0000
    0.5499    0.3909    1.0000
    0.1450    0.0546    1.0000
    0.8530    0.5013    2.0000
    0.6221    0.4317    2.0000
    0.3510    0.9976    1.0000
    0.5132    0.8116    2.0000
    0.4018    0.4857    1.0000
    0.0760    0.8944    2.0000
    0.2399    0.1375    1.0000
    0.1233    0.3900    1.0000
    0.1839    0.9274    1.0000
    0.2400    0.9175    1.0000
    0.4173    0.7136    1.0000
    0.0497    0.6183    2.0000
    0.9027    0.3433    2.0000
    0.9448    0.9360    2.0000
    0.4909    0.1248    1.0000
    0.4893    0.7306    1.0000
    0.3377    0.6465    2.0000
    0.9001    0.8332    2.0000
    0.3692    0.3983    1.0000
    0.1112    0.7498    2.0000
    0.7803    0.8352    2.0000
    0.3897    0.3225    1.0000
    0.2417    0.5523    2.0000
    0.4039    0.9791    1.0000
    0.0965    0.5493    2.0000
    0.1320    0.3304    1.0000
    0.9421    0.6195    2.0000
    0.9561    0.3606    2.0000
    0.5752    0.7565    2.0000
    0.0598    0.4139    1.0000
    0.2348    0.4923    1.0000
    0.3532    0.6947    1.0000
    0.8212    0.9727    2.0000
    0.0154    0.3278    1.0000
    0.0430    0.8378    2.0000
    0.1690    0.7391    2.0000
    0.6491    0.9542    2.0000
    0.7317    0.0319    1.0000
    0.6477    0.3569    2.0000
    0.4509    0.6627    1.0000
    0.5470    0.2815    1.0000
    0.2963    0.2304    1.0000
    0.7447    0.7111    2.0000
    0.1890    0.6246    2.0000
    0.6868    0.5906    2.0000
    0.1835    0.6604    2.0000
    0.3685    0.0476    1.0000
    0.6256    0.3488    1.0000
    0.7802    0.4513    2.0000
    0.0811    0.2409    1.0000
    0.9294    0.7150    2.0000
    0.7757    0.8562    2.0000
    0.4868    0.2815    1.0000
    0.4359    0.7311    1.0000
    0.4468    0.1378    1.0000
    0.3063    0.8367    1.0000
    0.5085    0.1386    1.0000
    0.5108    0.5882    2.0000
    0.8176    0.3662    2.0000
    0.7948    0.8068    2.0000
    0.6443    0.5038    2.0000
    0.3786    0.4896    1.0000
    0.8116    0.8770    2.0000
    0.5328    0.3531    1.0000
    0.3507    0.4494    1.0000
    0.9390    0.9635    2.0000
    0.8759    0.0423    1.0000
    0.5502    0.9730    2.0000
    0.6225    0.1892    1.0000
    0.5870    0.6671    2.0000
    0.2077    0.5864    2.0000
    0.3012    0.6751    2.0000
    0.4709    0.3610    1.0000
    0.2305    0.6203    2.0000
    0.8443    0.8112    2.0000
    0.1948    0.0193    1.0000
    0.2259    0.0839    1.0000
    0.1707    0.9748    1.0000
    0.2277    0.6513    2.0000
    0.4357    0.2312    1.0000
    0.3111    0.4035    1.0000
    0.9234    0.1220    2.0000
    0.4302    0.2684    1.0000
    0.1848    0.2578    1.0000
    0.9049    0.3317    2.0000
    0.9797    0.1522    2.0000
    0.4389    0.3480    1.0000
    0.1111    0.1217    1.0000
    0.2581    0.8842    1.0000
    0.4087    0.0943    1.0000
    0.5949    0.9300    2.0000
    0.2622    0.3990    1.0000
    0.6028    0.0474    1.0000
    0.7112    0.3424    2.0000
    0.2217    0.7360    2.0000
    0.1174    0.7947    2.0000
    0.2967    0.5449    2.0000
    0.3188    0.6862    1.0000
    0.4242    0.8936    1.0000
    0.5079    0.0548    1.0000
    0.0855    0.3037    1.0000
    0.2625    0.0462    1.0000
    0.8010    0.1955    1.0000
    0.0292    0.7202    2.0000
    0.9289    0.7218    2.0000
    0.7303    0.8778    2.0000
    0.4886    0.5824    1.0000
    0.5785    0.0707    1.0000
    0.2373    0.9227    1.0000
    0.4588    0.8004    1.0000
    0.9631    0.2859    2.0000
    0.5468    0.5437    2.0000
    0.5211    0.9848    2.0000
    0.2316    0.7157    2.0000
    0.4889    0.8390    1.0000
    0.6241    0.4333    2.0000
    0.6791    0.4706    2.0000
    0.3955    0.5607    2.0000
    0.3674    0.2691    1.0000
    0.9880    0.7490    2.0000
    0.0377    0.5039    2.0000
    0.8852    0.6468    2.0000
    0.9133    0.3077    2.0000
    0.7962    0.1387    1.0000
    0.0987    0.4756    1.0000
    0.2619    0.3625    1.0000
    0.3354    0.7881    1.0000
    0.6797    0.7803    2.0000
    0.1366    0.6685    2.0000
    0.7212    0.1335    1.0000
    0.1068    0.0216    1.0000
    0.6538    0.5598    2.0000
    0.4942    0.3008    1.0000
    0.7791    0.9394    2.0000
    0.7150    0.9809    2.0000
    0.9037    0.2866    2.0000
    0.8909    0.8008    2.0000
    0.3342    0.8961    1.0000
    0.6987    0.5975    2.0000
    0.1978    0.8840    1.0000
    0.0305    0.9437    2.0000
    0.7441    0.5492    2.0000
    0.5000    0.7284    2.0000
    0.4799    0.5768    1.0000
    0.9047    0.0259    1.0000
    0.6099    0.4465    2.0000
    0.6177    0.6463    2.0000
    0.8594    0.5212    2.0000
    0.8055    0.3723    2.0000
    0.5767    0.9371    2.0000
    0.1829    0.8295    1.0000
    0.2399    0.8491    1.0000
    0.8865    0.3725    2.0000
    0.0287    0.5932    2.0000
    0.4899    0.8726    1.0000
    0.1679    0.9335    1.0000
    0.9787    0.6685    2.0000
    0.7127    0.2068    1.0000
    0.5005    0.6539    2.0000
    0.4711    0.0721    1.0000
    0.0596    0.4067    1.0000
    0.6820    0.6669    2.0000
    0.0424    0.9337    2.0000
    0.0714    0.8110    2.0000
    0.5216    0.4845    2.0000
    0.0967    0.7567    2.0000
    0.8181    0.4170    2.0000
    0.8175    0.9718    2.0000
    0.7224    0.9880    2.0000
    0.1499    0.8641    1.0000
    0.6596    0.3889    2.0000
    0.5186    0.4547    1.0000
    0.9730    0.2467    2.0000
    0.6490    0.7844    2.0000
    0.8003    0.8828    2.0000
    0.4538    0.9137    1.0000
    0.4324    0.5583    2.0000
    0.8253    0.5989    2.0000
    0.0835    0.1489    1.0000
    0.1332    0.8997    1.0000
    0.1734    0.4504    1.0000
    0.3909    0.2057    1.0000
    0.8314    0.8997    2.0000
    0.8034    0.7626    2.0000
    0.0605    0.8825    2.0000
    0.3993    0.2850    1.0000
    0.5269    0.6732    2.0000
    0.4168    0.6643    1.0000
    0.6569    0.1228    1.0000
    0.6280    0.4073    2.0000
    0.2920    0.2753    1.0000
    0.4317    0.7167    1.0000
    0.0155    0.2834    1.0000
    0.9841    0.8962    2.0000
    0.1672    0.8266    2.0000
    0.1062    0.3900    1.0000
    0.3724    0.4979    1.0000
    0.1981    0.6948    2.0000
    0.4897    0.8344    1.0000
    0.3395    0.6096    2.0000
    0.9516    0.5747    2.0000
    0.9203    0.3260    2.0000
    0.0527    0.4564    1.0000
    0.7379    0.7138    2.0000
    0.2691    0.8844    1.0000
    0.4228    0.7209    1.0000
    0.5479    0.0186    1.0000
    0.9427    0.6748    2.0000
    0.4177    0.4385    1.0000
    0.9831    0.4378    2.0000
    0.3015    0.1170    1.0000
    0.7011    0.8147    2.0000
    0.6663    0.3249    1.0000
    0.5391    0.2462    1.0000
    0.6981    0.3427    2.0000
    0.6665    0.3757    2.0000
    0.1781    0.5466    2.0000
    0.1280    0.5619    2.0000
    0.9991    0.3958    2.0000
    0.1711    0.3981    1.0000
    0.0326    0.5154    2.0000
    0.5612    0.6575    2.0000
    0.8819    0.9509    2.0000
    0.6692    0.7223    2.0000
    0.1904    0.4001    1.0000
    0.3689    0.8319    1.0000
    0.4607    0.1343    1.0000
    0.9816    0.0605    2.0000
    0.1564    0.0842    1.0000
    0.8555    0.1639    2.0000
    0.6448    0.3242    1.0000
    0.3763    0.3017    1.0000
    0.1909    0.0117    1.0000
    0.4283    0.5399    2.0000
    0.4820    0.0954    1.0000
    0.1206    0.1465    1.0000
    0.5895    0.6311    2.0000
    0.2262    0.8593    1.0000
    0.3846    0.9742    1.0000
    0.5830    0.5708    2.0000
    0.2518    0.9969    1.0000
    0.2904    0.5535    2.0000
    0.6171    0.5155    2.0000
    0.2653    0.3307    1.0000
    0.8244    0.4300    2.0000
    0.9827    0.4918    2.0000
    0.7302    0.0710    1.0000
    0.3439    0.8877    1.0000
    0.5841    0.0646    1.0000
    0.1078    0.4362    1.0000
    0.9063    0.8266    2.0000
    0.8797    0.3945    2.0000
    0.8178    0.6135    2.0000
    0.2607    0.8186    1.0000
    0.5944    0.8862    2.0000
    0.0225    0.9311    2.0000
    0.4253    0.1908    1.0000
    0.3127    0.2586    1.0000
    0.1615    0.8979    1.0000
    0.1788    0.5934    2.0000
    0.4229    0.5038    2.0000
    0.0942    0.6128    2.0000
    0.5985    0.8194    2.0000
    0.4709    0.5319    1.0000
    0.6959    0.2021    1.0000
    0.6999    0.4539    2.0000
    0.6385    0.4279    2.0000
    0.0336    0.9661    2.0000
    0.0688    0.6201    2.0000
    0.3196    0.6954    1.0000
    0.5309    0.7202    2.0000
    0.6544    0.3469    2.0000
    0.4076    0.5170    2.0000
    0.8200    0.5567    2.0000
    0.7184    0.1565    1.0000
    0.9686    0.5621    2.0000
    0.5313    0.6948    2.0000
    0.3251    0.4265    1.0000
    0.1056    0.8363    2.0000
    0.6110    0.7314    2.0000
    0.7788    0.3600    2.0000
    0.4235    0.4542    1.0000
    0.0908    0.3864    1.0000
    0.2665    0.7756    1.0000
    0.1537    0.7343    2.0000
    0.2810    0.4303    1.0000
    0.4401    0.6938    1.0000
    0.5271    0.9452    2.0000
    0.4574    0.7842    1.0000
    0.8754    0.7056    2.0000
    0.5181    0.1093    1.0000
    0.9436    0.3899    2.0000
    0.6377    0.5909    2.0000
    0.9577    0.4594    2.0000
    0.2407    0.0503    1.0000
    0.6761    0.2287    1.0000
    0.2891    0.8342    1.0000
    0.6718    0.0156    1.0000
    0.6951    0.8637    2.0000
    0.0680    0.0781    1.0000
    0.2548    0.6690    2.0000
    0.2240    0.5002    2.0000
    0.6678    0.2180    1.0000
    0.8444    0.5716    2.0000
    0.3445    0.1222    1.0000
    0.7805    0.6712    2.0000
    0.6753    0.5996    2.0000
    0.0067    0.0560    1.0000
    0.6022    0.0563    1.0000
    0.3868    0.1525    1.0000
    0.9160    0.0196    1.0000
    0.0012    0.4352    1.0000
    0.4624    0.8322    1.0000
    0.4243    0.6174    1.0000
    0.4609    0.5201    2.0000
    0.7702    0.8639    2.0000
    0.3225    0.0977    1.0000
    0.7847    0.9081    2.0000
    0.4714    0.1080    1.0000
    0.0358    0.5170    2.0000
    0.1759    0.1432    1.0000
    0.7218    0.5594    2.0000
    0.4735    0.0046    1.0000
    0.1527    0.7667    2.0000
    0.3411    0.8487    1.0000
    0.6074    0.9168    2.0000
    0.1917    0.9870    1.0000
    0.7384    0.5051    2.0000
    0.2428    0.2714    1.0000
    0.9174    0.1008    2.0000
    0.2691    0.5078    2.0000
    0.7655    0.5856    2.0000
    0.1887    0.7629    2.0000
    0.2875    0.0830    1.0000
    0.0911    0.6616    2.0000
    0.5762    0.5170    2.0000
    0.6834    0.1710    1.0000
    0.5466    0.9386    2.0000
    0.4257    0.5905    1.0000
    0.6444    0.4406    2.0000
    0.6476    0.9419    2.0000
    0.6790    0.6559    2.0000
    0.6358    0.4519    2.0000
    0.9452    0.8397    2.0000
    0.2089    0.5326    2.0000
    0.7093    0.5539    2.0000
    0.2362    0.6801    2.0000
    0.1194    0.3672    1.0000
    0.6073    0.2393    1.0000
    0.4501    0.5789    1.0000
    0.4587    0.8669    1.0000
    0.6619    0.4068    2.0000
    0.7703    0.1126    1.0000
    0.3502    0.4438    1.0000
    0.6620    0.3002    1.0000
    0.4162    0.4014    1.0000
    0.8419    0.8334    2.0000
    0.8329    0.4036    2.0000
    0.2564    0.3902    1.0000
    0.6135    0.3604    1.0000
    0.5822    0.1403    1.0000
    0.5407    0.2601    1.0000
    0.8699    0.0868    1.0000
    0.2648    0.4294    1.0000
    0.3181    0.2573    1.0000
    0.1192    0.2976    1.0000
    0.9398    0.4249    2.0000
    0.6456    0.1192    1.0000
    0.4795    0.4951    1.0000
    0.6393    0.7064    2.0000
    0.5447    0.2436    1.0000
    0.6473    0.7851    2.0000
    0.5439    0.0741    1.0000
    0.7210    0.3939    2.0000
    0.5225    0.0034    1.0000
    0.9937    0.2207    2.0000
    0.2187    0.0013    1.0000
    0.1058    0.1892    1.0000
    0.1097    0.1425    1.0000
    0.0636    0.2681    1.0000
    0.4046    0.1749    1.0000
    0.4484    0.1386    1.0000
    0.3658    0.5989    2.0000
    0.7635    0.9011    2.0000
    0.6279    0.9394    2.0000
    0.7720    0.2212    1.0000
    0.9329    0.4827    2.0000
    0.9727    0.3760    2.0000
    0.1920    0.5238    2.0000
    0.1389    0.2649    1.0000
    0.6963    0.0684    1.0000
    0.0938    0.4363    1.0000
    0.5254    0.1739    1.0000
    0.5303    0.0261    1.0000
    0.8611    0.9547    2.0000
    0.4849    0.4306    1.0000
    0.3935    0.9616    1.0000
    0.6714    0.7624    2.0000
    0.7413    0.0073    1.0000
    0.5201    0.6800    2.0000
    0.3477    0.7060    1.0000
    0.1500    0.6451    2.0000
    0.5861    0.5523    2.0000
    0.2621    0.2181    1.0000
    0.0445    0.7724    2.0000
    0.7549    0.2280    1.0000
    0.2428    0.3709    1.0000
    0.4424    0.8909    1.0000
    0.6878    0.8564    2.0000
    0.3592    0.4024    1.0000
    0.7363    0.3180    2.0000
    0.3947    0.6086    1.0000
    0.6834    0.9102    2.0000
    0.7040    0.9091    2.0000
    0.4423    0.5916    1.0000
    0.0196    0.3326    1.0000
    0.3309    0.8531    1.0000
    0.4243    0.4424    1.0000
    0.2703    0.9044    1.0000
    0.1971    0.0332    1.0000
    0.8217    0.5324    2.0000
    0.4299    0.7165    1.0000
    0.8878    0.1793    2.0000
    0.3912    0.3365    1.0000
    0.7691    0.1877    1.0000
    0.3968    0.3219    1.0000
    0.8085    0.4039    2.0000
    0.7551    0.5486    2.0000
    0.3774    0.0487    1.0000
    0.2160    0.5527    2.0000
    0.7904    0.2748    2.0000
    0.9493    0.2415    2.0000
    0.3276    0.2431    1.0000
    0.6713    0.1542    1.0000
    0.4386    0.9564    1.0000
    0.8335    0.9357    2.0000
    0.7689    0.8187    2.0000
    0.1673    0.7283    2.0000
    0.8620    0.1758    2.0000
    0.9899    0.3604    2.0000
    0.5144    0.1888    1.0000
    0.8843    0.0012    1.0000
    0.5880    0.3164    1.0000
    0.1548    0.6996    2.0000
    0.1999    0.6253    2.0000
    0.4070    0.5431    2.0000
    0.7487    0.4390    2.0000
    0.8256    0.2874    2.0000
    0.7900    0.5017    2.0000
    0.3185    0.7615    1.0000
    0.5341    0.7624    2.0000
    0.0900    0.5761    2.0000
    0.1117    0.7477    2.0000
    0.1363    0.6455    2.0000
    0.6787    0.1232    1.0000
    0.4952    0.5044    2.0000
    0.1897    0.3473    1.0000
    0.4950    0.0921    1.0000
    0.1476    0.1478    1.0000
    0.0550    0.1982    1.0000